13 10
17 11
16 17
12 11
10 6
9 3
12 11
19 16
5 11
16 19
16 10
3 16
14 18
4 7
15 14
18 11
13 14
11 7
22 14
11 7
10 12
17 11
14 14
17 13
12 15
19 18
25 19
10 16
16 3
19 22
12 18
14 15
23 14
16 18
12 21
10 20
16 12
20 19
12 20
15 5
13 13
18 21
19 12
11 22
18 17
11 12
15 6
12 12
9 24
17 18
9 18
9 17
15 7
14 17
20 13
16 6
14 21
16 21
12 7
13 4
10 13
16 11
18 14
14 11
14 8
18 1
22 19
23 12
20 11
17 15
14 12
21 16
23 10
21 7
18 11
14 9
14 8
13 12
12 24
16 8
18 14
9 14
9 16
18 12
11 17
11 13
9 19
16 26
17 18
16 13
14 16
13 13
19 22
6 17
9 15
13 15
18 10
20 17
11 15
6 11
15 15
21 16
16 10
23 12
6 14
19 8
24 8
18 21
12 13
11 16
19 15
12 8
14 14
8 14
21 8
15 14
12 12
17 19
11 6
16 14
12 18
11 13
5 8
9 13
19 6
6 14
17 15
7 14
15 17
22 17
14 16
11 21
12 6
21 11
9 21
9 3
17 12
10 16
16 9
17 12
15 9
11 10
13 10
10 7
14 16
16 12
4 10
16 21
16 24
14 13
15 9
18 13
16 10
7 18
20 10
22 10
12 5
14 17
23 0
16 20
17 16
19 15
14 21
16 9
13 9
15 7
13 11
8 11
22 16
11 12
12 18
10 18
8 24
10 6
21 6
12 8
15 9
10 10
11 15
15 13
13 14
18 18
9 14
6 15
13 14
16 10
17 19
1 23
18 13
21 20
8 20
14 19
6 4
17 13
12 22
24 17
23 11
11 12
10 3
19 20
9 4
15 9
10 9
8 12
15 18
14 8
17 13
6 19
21 13
13 19
8 13
11 11
13 9
12 14
12 11
10 10
14 16
17 16
15 16
22 17
7 12
14 16
14 5
19 7
11 10
18 14
20 16
22 19
18 22
5 13
14 21
21 16
19 9
8 13
9 7
19 9
18 7
4 14
22 24
22 13
20 19
18 19
6 22
19 4
13 7
17 17
16 18
11 11
10 17
13 11
14 13
16 9
11 12
18 24
13 20
11 6
20 20
21 23
8 12
14 12
15 14
17 22
12 8
17 12
10 10
11 16
22 9
16 10
9 19
11 22
17 9
6 11
14 21
18 11
13 12
13 17
23 16
15 11
13 17
5 9
5 13
8 11
6 13
16 17
10 16
14 14
21 15
17 16
9 9
12 13
11 10
6 13
20 12
18 14
16 12
4 15
9 19
13 23
16 20
16 16
8 4
12 16
17 13
15 6
18 14
13 15
15 13
19 19
21 20
17 9
17 10
14 10
9 22
9 6
15 17
21 1
18 17
19 10
10 10
14 20
13 10
10 12
15 14
13 15
15 11
19 18
15 19
16 15
18 18
12 20
15 12
13 21
8 3
17 14
15 13
15 15
16 16
10 10
21 13
12 10
15 7
12 15
11 8
20 12
7 7
23 22
9 16
13 23
21 12
11 24
16 10
20 8
19 21
8 16
19 6
9 17
11 10
6 11
8 12
14 14
10 12
17 9
14 5
19 5
7 8
11 11
15 22
11 12
11 15
20 9
10 16
18 18
11 15
13 22
11 16
11 20
17 11
14 15
19 11
12 20
10 9
16 19
18 12
21 10
14 13
22 17
11 12
6 15
12 12
17 12
8 9
17 11
6 15
17 5
11 12
9 11
15 13
19 9
5 7
18 8
16 19
14 15
24 9
13 14
9 19
16 14
5 6
20 5
18 17
16 6
19 23
12 19
15 14
17 20
18 18
19 9
10 15
19 14
17 14
12 17
15 18
12 4
10 16
19 17
10 13
16 11
19 10
14 10
12 13
23 16
17 6
22 15
10 9
8 10
17 15
20 20
22 15
11 9
18 10
16 15
13 5
21 10
14 14
11 19
17 21
16 13
24 14
17 6
17 16
8 16
9 14
10 10
10 14
18 22
22 19
18 9
11 12
20 16
14 5
18 9
11 9
9 16
13 7
16 14
19 13
19 12
16 12
20 8
13 9
7 13
16 21
17 13
19 9
3 6
16 16
21 16
6 22
13 13
18 23
18 17
17 14
6 11
11 4
21 9
17 9
14 9
13 5
14 14
9 17
18 13
17 11
19 14
21 13
9 15
10 15
14 8
12 20
18 15
14 15
21 16
