273 268 271 267 270 276 275 271 274 277 
268 275 267 267 267 265 270 276 267 273 
275 265 274 279 277 265 277 268 269 268 
280 265 272 270 279 276 272 270 271 270 
280 278 269 269 281 267 272 274 267 269 
277 274 269 265 276 269 269 274 269 277 
267 279 265 277 275 280 268 266 265 280 
276 266 266 270 279 274 280 280 275 270 
275 274 271 267 275 270 269 266 275 280 
281 271 275 274 281 277 268 281 266 265 
277 266 275 271 269 269 266 276 275 266 
268 278 266 269 280 265 267 266 270 271 
267 278 270 267 281 266 265 277 265 281 
281 281 265 270 279 274 269 278 268 273 
280 281 273 270 265 280 268 268 268 267 
265 275 272 268 266 273 273 268 266 276 
280 274 267 270 276 272 270 266 266 276 
267 274 266 267 274 274 281 273 274 269 
267 270 273 276 278 272 277 275 274 281 
282 272 279 277 274 272 277 276 271 271 
279 279 277 269 270 278 271 277 270 275 
269 268 276 273 269 270 273 269 269 270 
279 270 279 271 275 279 265 280 280 266 
270 271 265 279 268 265 276 270 279 270 
268 269 272 268 272 274 279 270 278 282 
274 277 277 281 271 272 281 272 274 272 
268 268 267 273 269 267 265 274 275 280 
282 265 280 277 269 265 276 269 276 279 
270 269 277 279 265 281 266 267 265 270 
271 273 278 279 270 280 265 281 277 281 
274 265 266 275 277 274 278 266 269 265 
274 280 279 279 273 270 267 278 278 281 
278 280 272 271 277 265 266 268 276 275 
267 265 269 274 272 270 276 270 277 267 
281 277 281 271 277 270 267 276 266 280 
276 273 265 265 274 278 269 279 267 274 
278 267 281 276 280 272 281 266 267 268 
269 267 281 272 277 268 280 279 272 280 
268 271 266 278 279 280 268 270 273 281 
270 271 275 277 280 273 272 278 266 279 
271 266 277 277 276 270 278 267 276 274 
283 285 283 287 283 287 288 286 287 286 
287 288 286 285 286 285 283 284 286 287 
284 287 288 283 288 289 284 288 289 286 
287 286 287 287 288 284 285 285 285 285 
284 285 283 288 288 286 285 287 287 283 
288 286 285 287 285 285 287 287 286 286 
284 288 284 286 283 289 287 287 288 286 
283 286 285 283 285 287 286 286 288 286 
288 284 283 286 284 284 283 285 285 285 
285 286 283 285 283 287 287 288 287 287 
287 286 283 284 284 284 286 285 283 285 
284 283 287 288 286 287 284 285 286 284 
286 284 286 284 284 283 284 288 285 286 
284 285 284 288 287 284 286 285 286 288 
286 288 288 287 283 287 286 284 286 285 
283 283 288 285 284 288 287 287 284 288 
285 285 285 288 288 288 285 284 286 283 
287 284 287 285 283 288 286 288 285 285 
287 283 288 284 284 286 289 288 284 288 
286 286 285 289 286 287 288 284 283 286 
285 288 287 287 285 288 284 287 288 284 
288 287 283 284 288 284 284 288 288 284 
285 287 288 285 285 287 285 287 283 287 
288 286 286 283 287 284 283 288 285 283 
284 283 283 286 287 285 286 288 286 286 
284 284 286 289 288 285 286 288 285 288 
283 288 284 287 284 284 285 285 288 288 
289 286 284 284 286 288 288 285 283 288 
283 287 283 286 283 288 287 286 287 287 
287 284 284 287 284 283 287 285 285 287 
288 286 288 285 283 288 285 286 285 284 
287 285 285 283 288 288 288 288 286 288 
292 285 284 289 288 290 285 285 286 292 
283 283 292 288 291 287 288 285 285 286 
284 288 292 283 284 283 290 290 292 285 
287 288 284 291 284 287 287 291 288 291 
290 288 284 288 289 285 286 287 288 286 
286 285 284 284 289 292 290 288 285 289 
283 286 284 287 285 289 286 287 283 284 
286 290 286 292 290 286 290 291 285 289 
290 291 291 291 290 289 287 291 288 283 
284 290 285 283 290 291 283 286 285 287 
285 286 285 288 293 292 284 287 288 285 
286 290 292 283 284 284 287 290 291 288 
292 286 287 284 292 288 284 290 284 287 
290 286 289 292 287 283 287 288 288 292 
288 291 291 283 289 289 291 284 283 290 
288 289 283 286 284 290 286 290 287 285 
285 287 293 292 285 287 290 285 285 285 
289 283 290 292 290 289 288 283 283 285 
289 285 291 284 288 291 285 291 287 289 
292 292 285 289 286 293 292 288 288 286 
287 284 286 291 291 285 289 283 291 287 
284 284 285 289 284 292 285 284 287 287 
283 284 290 286 289 285 284 289 285 284 
288 290 285 283 286 286 284 283 284 291 
295 298 296 294 296 293 296 297 296 294 
294 297 293 293 297 296 297 295 294 297 
295 295 296 293 294 294 294 297 297 296 
293 294 295 293 296 296 296 294 297 294 
293 293 296 295 296 298 294 293 296 293 
297 293 296 294 295 294 294 298 295 293 
296 295 298 295 293 296 294 293 297 293 
296 293 293 293 293 294 297 294 296 295 
294 295 294 293 297 295 297 294 296 295 
296 295 297 296 293 295 293 295 297 296 
294 294 295 295 293 296 296 293 294 297 
293 297 297 293 294 295 296 296 296 294 
297 297 297 293 296 296 298 297 297 295 
293 294 296 296 295 296 294 295 296 295 
298 296 298 294 296 296 295 295 295 295 
297 295 297 296 297 297 295 294 293 297 
294 295 294 297 295 297 295 293 293 295 
296 297 297 296 297 296 296 294 294 295 
295 297 295 297 296 297 296 294 294 294 
294 293 295 296 294 296 297 295 294 293 
297 294 293 294 296 294 294 295 297 295 
293 293 297 294 293 296 297 293 293 296 
297 293 296 294 295 296 297 295 296 296 
296 294 295 293 294 295 297 297 297 294 
296 295 295 296 297 296 293 293 297 297 
295 294 295 297 295 294 293 296 296 297 
294 295 295 295 295 296 295 293 295 295 
295 296 293 295 297 295 294 297 294 293 
295 293 297 297 295 297 293 297 294 297 
297 294 297 295 294 293 296 295 295 295 
295 293 297 297 296 296 293 295 294 296 
294 293 296 295 293 295 295 294 296 293 
294 295 293 297 297 298 295 297 294 293 
296 294 295 295 294 297 297 293 296 296 
293 296 297 293 295 297 294 298 293 297 
296 294 293 293 294 296 295 296 297 294 
295 295 296 294 296 296 297 294 298 293 
295 293 295 294 295 295 293 294 295 293 
293 294 296 296 295 293 297 296 294 296 
294 296 296 294 295 296 296 296 296 295 
293 295 296 293 296 294 297 293 295 294 
294 296 294 296 296 297 296 293 293 293 
294 293 296 294 296 293 297 294 294 295 
289 288 283 287 292 283 283 288 285 287 
289 285 289 288 290 289 284 290 287 288 
287 288 286 288 289 287 293 287 285 284 
283 291 288 287 284 289 293 290 289 290 
290 287 285 291 288 284 289 291 287 292 
286 284 284 292 289 286 290 286 287 289 
285 291 292 291 291 292 285 293 283 293 
287 291 287 286 284 290 289 286 288 283 
287 283 292 284 285 284 289 288 289 290 
292 292 290 285 291 291 290 286 289 290 
289 291 285 288 285 291 283 292 285 289 
291 292 288 291 291 287 289 291 285 291 
286 285 289 292 288 290 284 292 286 288 
283 288 290 290 285 288 285 286 290 288 
291 283 288 287 288 291 286 290 285 288 
284 292 291 285 284 285 292 292 288 285 
289 291 288 284 290 289 285 286 283 292 
287 283 289 283 284 292 288 285 292 283 
292 288 283 287 290 289 292 289 284 284 
287 288 283 292 284 290 287 284 288 284 
287 285 289 289 283 283 286 293 293 289 
288 291 286 283 293 288 287 287 292 290 
287 293 288 284 286 286 286 291 283 287 
290 283 288 290 285 292 285 291 287 286 
290 285 292 288 293 289 284 289 291 291 
284 287 284 290 285 289 284 286 287 285 
284 289 287 284 291 287 290 286 283 290 
286 288 291 290 291 287 292 286 284 291 
286 285 292 283 290 289 284 291 287 292 
285 286 288 285 286 286 285 291 291 287 
283 288 290 292 283 287 286 284 285 286 
285 286 292 284 292 288 290 291 284 284 
284 291 286 291 284 286 289 284 286 289 
286 284 286 290 289 291 285 293 286 291 
285 286 289 290 286 291 286 285 288 292 
289 285 283 285 291 286 292 292 284 286 
290 285 284 284 289 284 283 289 288 290 
292 288 289 291 283 291 284 291 283 287 
287 292 293 285 285 283 287 284 283 292 
285 287 284 285 287 286 291 288 286 292 
283 287 286 286 292 290 286 291 292 290 
283 287 285 290 291 292 290 287 289 288 
287 285 291 284 286 291 284 285 287 285 
288 283 291 291 288 285 286 284 291 283 
289 286 283 288 287 290 288 283 286 292 
283 289 289 286 291 287 286 283 283 283 
283 288 283 291 284 284 291 291 285 284 
290 288 289 286 292 292 284 283 290 290 
288 286 285 288 284 287 291 292 284 289 
283 291 291 289 292 291 288 289 284 283 
288 287 291 291 288 292 291 285 292 291 
272 281 280 271 271 281 268 271 271 272 
272 269 269 281 271 267 279 267 271 268 
268 280 267 281 271 275 278 280 273 271 
278 268 268 273 279 278 266 273 266 277 
276 276 271 267 272 266 280 269 266 267 
271 265 276 278 266 281 281 273 276 273 
265 268 280 272 269 271 276 266 281 281 
270 278 275 267 274 269 276 265 275 272 
266 279 267 278 269 268 272 276 266 279 
