Zadanie 60.1
Ilość: 12
Ostatnie: [540, 633]
Zadanie 60.2
Liczba: 989532; dzielniki: [1, 2, 3, 4, 6, 9, 12, 18, 36, 27487, 54974, 82461, 109948, 164922, 247383, 329844, 494766, 989532]
Liczba: 131072; dzielniki: [1, 2, 4, 8, 16, 32, 64, 128, 256, 512, 1024, 2048, 4096, 8192, 16384, 32768, 65536, 131072]
Liczba: 702027; dzielniki: [1, 3, 9, 27, 81, 107, 243, 321, 729, 963, 2187, 2889, 6561, 8667, 26001, 78003, 234009, 702027]
Liczba: 461817; dzielniki: [1, 3, 9, 23, 69, 97, 207, 291, 529, 873, 1587, 2231, 4761, 6693, 20079, 51313, 153939, 461817]
Liczba: 17298; dzielniki: [1, 2, 3, 6, 9, 18, 31, 62, 93, 186, 279, 558, 961, 1922, 2883, 5766, 8649, 17298]
Zadanie 60.3
Max: 988027
